0mm
c_sh_none : 654.6032022515592
c_sm_none : 647.6433285562787
r_1_none : 628.424699745487
r_2_none : 617.93386984996
r_3_none : 627.8699626978892

1mm
c_sh_dmp : 737.6658117532681
c_sh_flt : 725.4578696900221
c_sh_sph : 727.0192286274594
c_sm_dmp : 744.9599972215393
c_sm_sph : 793.9322395030504
r_1_dmp : 680.3567209445307
r_1_flt : 692.0513141904436
r_1_sph : 687.8461873293634
r_2_sph : 703.6947323657533
r_3_dmp : 772.4984864209243
r_3_flt : 756.2319937602362
r_3_sph : 774.8114739514691
2mm
c_sh_dmp : 662.7485443823613
c_sh_flt : 663.9203761442214
c_sh_sph : 665.1554419553171
c_sm_dmp : 664.4120589820523
c_sm_flt : 664.2388811757311
c_sm_sph : 663.9789182264847
r_1_dmp : 615.502187723947
r_1_flt : 625.5167637398657
r_1_flt2 : 618.8905080127989
r_1_sph : 620.4886732131249
r_1_sph2 : 621.566089113081
r_2_dmp : 623.9682289726202
r_2_flt : 610.1315556921876
r_2_sph : 623.325857882535
r_3_dmp : 623.386265235666
r_3_flt : 629.5518714585381
r_3_sph : 629.1086889043586
5mm
c_sh_dmp : 654.3360918132537
c_sh_flt : 654.6722978394728
c_sh_sph : 647.2335851722237
c_sm_dmp : 651.2580829114382
c_sm_flt : 651.9062210082432
c_sm_sph : 634.7478929355545
r_1_dmp : 618.4430320436585
r_1_flt : 617.615414486296
r_1_sph : 617.29291043513
r_2_dmp : 605.0247055260113
r_2_flt : 614.5617749768077
r_2_sph : 605.2730890141775
r_3_dmp : 612.9814757688966
r_3_flt : 621.1914062678175
r_3_sph : 621.3661528331235

8mm
c_sh_dmp : 643.840226292466
c_sh_flt : 645.6393200804127
c_sm_dmp : 648.0230959592748
c_sm_flt : 648.7915290024996
r_1_dmp : 623.3276782370447
r_1_flt : 623.0028629875926
r_1_sph : 619.4814682761814
r_2_dmp : 616.3897099231417
r_3_dmp : 626.9832572818625
r_3_flt : 624.6824276646759
r_3_sph : 624.7882740961942
